 #             q                 psi(q)
          0.0008903241        1.8791683582
          0.0046873146        1.8803057299
          0.0115033829        1.8811850672
          0.0213154895        1.8798349216
          0.0340908735        1.8735018180
          0.0497908600        1.8588320759
          0.0683741946        1.8322038072
          0.0898007680        1.7902295676
          0.1140356841        1.7303839433
          0.1410535753        1.6516226926
          0.1708430913        1.5547968974
          0.2034115207        1.4426849943
          0.2387895516        1.3195879068
          0.2770362229        1.1906033952
          0.3182441709        1.0608142684
          0.3625453321        0.9346244212
          0.4101173192        0.8153754614
          0.4611907577        0.7052508210
          0.5160579467        0.6053896839
          0.5750833095        0.5161088172
          0.6387162255        0.4371484376
          0.7075070081        0.3678913324
          0.7821270256        0.3075339951
          0.8633942859        0.2552076947
          0.9523062594        0.2100567655
          1.0500823554        0.1712841719
          1.1582193864        0.1381736857
          1.2785646926        0.1100959025
          1.4134135614        0.0865030180
          1.5656405148        0.0669153703
          1.7388784956        0.0509016515
          1.9377668853        0.0380548277
          2.1683001735        0.0279677006
          2.4383266765        0.0202157157
          2.7582757561        0.0143581197
          3.1422413712        0.0099662064
          3.6096362762        0.0066723110
          4.1877879212        0.0042104831
          4.9161423931        0.0024172286
          5.8533241967        0.0011943146
          7.0895048046        0.0004619798
          8.7691849102        0.0001175702
         11.1357622291        0.0000141059
         14.6254008022        0.0000004409
         20.0840073662        0.0000000018
         29.3333639346        0.0000000000
         46.9142405700        0.0000000000
         86.9309500134        0.0000000000
        213.3417725702       -0.0000000000
       1123.1864616060        0.0000000000
 #             q                 psi(q)
          0.0008903241        1.8993162705
          0.0046873146        1.9004372584
          0.0115033829        1.9012270769
          0.0213154895        1.8996136579
          0.0340908735        1.8927065032
          0.0497908600        1.8769949381
          0.0683741946        1.8487097010
          0.0898007680        1.8043676743
          0.1140356841        1.7414449350
          0.1410535753        1.6590268131
          0.1708430913        1.5582188045
          0.2034115207        1.4421331194
          0.2387895516        1.3154090753
          0.2770362229        1.1834128703
          0.3182441709        1.0513797469
          0.3625453321        0.9237437735
          0.4101173192        0.8037798178
          0.4611907577        0.6935467838
          0.5160579467        0.5940385142
          0.5750833095        0.5054320402
          0.6387162255        0.4273479479
          0.7075070081        0.3590746000
          0.7821270256        0.2997385182
          0.8633942859        0.2484218403
          0.9523062594        0.2042361271
          1.0500823554        0.1663636631
          1.1582193864        0.1340760594
          1.2785646926        0.1067375140
          1.4134135614        0.0837976088
          1.5656405148        0.0647765628
          1.7388784956        0.0492447501
          1.9377668853        0.0367984331
          2.1683001735        0.0270355200
          2.4383266765        0.0195387207
          2.7582757561        0.0138767979
          3.1422413712        0.0096321572
          3.6096362762        0.0064482230
          4.1877879212        0.0040681438
          4.9161423931        0.0023344965
          5.8533241967        0.0011526387
          7.0895048046        0.0004453751
          8.7691849102        0.0001131385
         11.1357622291        0.0000135269
         14.6254008022        0.0000004195
         20.0840073662        0.0000000017
         29.3333639346        0.0000000000
         46.9142405700        0.0000000000
         86.9309500134        0.0000000000
        213.3417725702       -0.0000000000
       1123.1864616060        0.0000000000
  f( -4.6 ) =  1.0 2
  the root of f(x) is : 1.0   at x =  -4.6
 #             q                 psi(q)
          0.0008903241        1.9205329351
          0.0046873146        1.9216357325
          0.0115033829        1.9223268973
          0.0213154895        1.9204239620
          0.0340908735        1.9128864240
          0.0497908600        1.8960327138
          0.0683741946        1.8659353593
          0.0898007680        1.8190130284
          0.1140356841        1.7527536606
          0.1410535753        1.6663965459
          0.1708430913        1.5613354241
          0.2034115207        1.4410501214
          0.2387895516        1.3105421308
          0.2770362229        1.1754540442
          0.3182441709        1.0411663832
          0.3625453321        0.9121266224
          0.4101173192        0.7915231933
          0.4611907577        0.6812728751
          0.5160579467        0.5822110916
          0.5750833095        0.4943668809
          0.6387162255        0.4172369061
          0.7075070081        0.3500135825
          0.7821270256        0.2917536207
          0.8633942859        0.2414910659
          0.9523062594        0.1983060959
          1.0500823554        0.1613617517
          1.1582193864        0.1299188108
          1.2785646926        0.1033362277
          1.4134135614        0.0810619427
          1.5656405148        0.0626168623
          1.7388784956        0.0475737144
          1.9377668853        0.0355326270
          2.1683001735        0.0260971101
          2.4383266765        0.0188575738
          2.7582757561        0.0133926717
          3.1422413712        0.0092962136
          3.6096362762        0.0062229015
          4.1877879212        0.0039250685
          4.9161423931        0.0022513864
          5.8533241967        0.0011108119
          7.0895048046        0.0004287346
          8.7691849102        0.0001087079
         11.1357622291        0.0000129505
         14.6254008022        0.0000003983
         20.0840073662        0.0000000016
         29.3333639346        0.0000000000
         46.9142405700        0.0000000000
         86.9309500134        0.0000000000
        213.3417725702        0.0000000000
       1123.1864616060        0.0000000000
  f( -4.199999999999999 ) =  1.0 2
  the root of f(x) is : 1.0   at x =  -4.199999999999999
 #             q                 psi(q)
          0.0008903241        1.9429253833
          0.0046873146        1.9440079154
          0.0115033829        1.9445899368
          0.0213154895        1.9423673628
          0.0340908735        1.9341348491
          0.0497908600        1.9160241894
          0.0683741946        1.8839377727
          0.0898007680        1.8341940420
          0.1140356841        1.7643058953
          0.1410535753        1.6736955901
          0.1708430913        1.5640840896
          0.2034115207        1.4393564934
          0.2387895516        1.3049014255
          0.2770362229        1.1666443428
          0.3182441709        1.0301008288
          0.3625453321        0.8997117177
          0.4101173192        0.7785567443
          0.4611907577        0.6683914238
          0.5160579467        0.5698790276
          0.5750833095        0.4828922671
          0.6387162255        0.4067998134
          0.7075070081        0.3406969374
          0.7821270256        0.2835710240
          0.8633942859        0.2344093395
          0.9523062594        0.1922622860
          1.0500823554        0.1562752594
          1.1582193864        0.1256996485
          1.2785646926        0.0998904032
          1.4134135614        0.0782948542
          1.5656405148        0.0604354465
          1.7388784956        0.0458879661
          1.9377668853        0.0342570013
          2.1683001735        0.0251521793
          2.4383266765        0.0181720639
          2.7582757561        0.0129055876
          3.1422413712        0.0089582667
          3.6096362762        0.0059962731
          4.1877879212        0.0037812121
          4.9161423931        0.0021678739
          5.8533241967        0.0010688236
          7.0895048046        0.0004120550
          8.7691849102        0.0001042777
         11.1357622291        0.0000123767
         14.6254008022        0.0000003774
         20.0840073662        0.0000000015
         29.3333639346        0.0000000000
         46.9142405700        0.0000000000
         86.9309500134        0.0000000000
        213.3417725702        0.0000000000
       1123.1864616060        0.0000000000
  f( -3.8000000000000002 ) =  1.0 2
  the root of f(x) is : 1.0   at x =  -3.8000000000000002
 #             q                 psi(q)
          0.0008903241        1.9666168862
          0.0046873146        1.9676767554
          0.0115033829        1.9681375140
          0.0213154895        1.9655605150
          0.0340908735        1.9565585149
          0.0497908600        1.9370587588
          0.0683741946        1.9027803552
          0.0898007680        1.8499403165
          0.1140356841        1.7760930521
          0.1410535753        1.6808784347
          0.1708430913        1.5663896955
          0.2034115207        1.4369590913
          0.2387895516        1.2983882917
          0.2770362229        1.1568899679
          0.3182441709        1.0181007711
          0.3625453321        0.8864310313
          0.4101173192        0.7648266844
          0.4611907577        0.6548612270
          0.5160579467        0.5570114272
          0.5750833095        0.4709853434
          0.6387162255        0.3960198911
          0.7075070081        0.3311123940
          0.7821270256        0.2751817685
          0.8633942859        0.2271701260
          0.9523062594        0.1860999380
          1.0500823554        0.1511007303
          1.1582193864        0.1214160752
          1.2785646926        0.0963982478
          1.4134135614        0.0754950664
          1.5656405148        0.0582314119
          1.7388784956        0.0441868677
          1.9377668853        0.0329711047
          2.1683001735        0.0242004047
          2.4383266765        0.0174819569
          2.7582757561        0.0124153756
          3.1422413712        0.0086181956
          3.6096362762        0.0057682565
          4.1877879212        0.0036365246
          4.9161423931        0.0020839323
          5.8533241967        0.0010266618
          7.0895048046        0.0003953323
          8.7691849102        0.0000998474
         11.1357622291        0.0000118056
         14.6254008022        0.0000003568
         20.0840073662        0.0000000014
         29.3333639346        0.0000000000
         46.9142405700        0.0000000000
         86.9309500134        0.0000000000
        213.3417725702       -0.0000000000
       1123.1864616060        0.0000000000
  f( -3.4000000000000003 ) =  1.0 2
  the root of f(x) is : 1.0   at x =  -3.4000000000000003
 #             q                 psi(q)
          0.0008903241        1.9917503378
          0.0046873146        1.9927847558
          0.0115033829        1.9931101554
          0.0213154895        1.9901382905
          0.0340908735        1.9802802852
          0.0497908600        1.9592383507
          0.0683741946        1.9225338343
          0.0898007680        1.8662822964
          0.1140356841        1.7881006295
          0.1410535753        1.6878878966
          0.1708430913        1.5681617995
          0.2034115207        1.4337482851
          0.2387895516        1.2908885838
          0.2770362229        1.1460839726
          0.3182441709        1.0050735251
          0.3625453321        0.8722087717
          0.4101173192        0.7502736075
          0.4611907577        0.6406370826
          0.5160579467        0.5435745623
          0.5750833095        0.4586212381
          0.6387162255        0.3848789112
          0.7075070081        0.3212466271
          0.7821270256        0.2665761196
          0.8633942859        0.2197663154
          0.9523062594        0.1798138642
          1.0500823554        0.1458343894
          1.1582193864        0.1170653566
          1.2785646926        0.0928577939
          1.4134135614        0.0726611738
          1.5656405148        0.0560037613
          1.7388784956        0.0424697140
          1.9377668853        0.0316744364
          2.1683001735        0.0232414271
          2.4383266765        0.0167869919
          2.7582757561        0.0119218460
          3.1422413712        0.0082758655
          3.6096362762        0.0055387613
          4.1877879212        0.0034909505
          4.9161423931        0.0019995313
          5.8533241967        0.0009843131
          7.0895048046        0.0003785625
          8.7691849102        0.0000954161
         11.1357622291        0.0000112370
         14.6254008022        0.0000003365
         20.0840073662        0.0000000013
         29.3333639346        0.0000000000
         46.9142405700        0.0000000000
         86.9309500134        0.0000000000
        213.3417725702       -0.0000000000
       1123.1864616060        0.0000000000
  f( -3.0 ) =  1.0 2
  the root of f(x) is : 1.0   at x =  -3.0
 #             q                 psi(q)
          0.0008903241        2.0184925561
          0.0046873146        2.0194982563
          0.0115033829        2.0196717808
          0.0213154895        2.0162576899
          0.0340908735        2.0054424905
          0.0497908600        1.9826798021
          0.0683741946        1.9432772626
          0.0898007680        1.8832506842
          0.1140356841        1.8003060982
          0.1410535753        1.6946518949
          0.1708430913        1.5692909175
          0.2034115207        1.4295943881
          0.2387895516        1.2822696504
          0.2770362229        1.1341039258
          0.3182441709        0.9909143472
          0.3625453321        0.8569602108
          0.4101173192        0.7348316834
          0.4611907577        0.6256692369
          0.5160579467        0.5295314851
          0.5750833095        0.4457727862
          0.6387162255        0.3733569934
          0.7075070081        0.3110851061
          0.7821270256        0.2577434534
          0.8633942859        0.2121901366
          0.9523062594        0.1733983835
          1.0500823554        0.1404720929
          1.1582193864        0.1126444838
          1.2785646926        0.0892668703
          1.4134135614        0.0697916214
          1.5656405148        0.0537513880
          1.7388784956        0.0407357197
          1.9377668853        0.0303664377
          2.1683001735        0.0222748448
          2.4383266765        0.0160868771
          2.7582757561        0.0114247867
          3.1422413712        0.0079311259
          3.6096362762        0.0053076860
          4.1877879212        0.0033444274
          4.9161423931        0.0019146375
          5.8533241967        0.0009417627
          7.0895048046        0.0003617406
          8.7691849102        0.0000909831
         11.1357622291        0.0000106711
         14.6254008022        0.0000003165
         20.0840073662        0.0000000012
         29.3333639346        0.0000000000
         46.9142405700        0.0000000000
         86.9309500134        0.0000000000
        213.3417725702        0.0000000000
       1123.1864616060        0.0000000000
  f( -2.5999999999999996 ) =  1.0 2
  the root of f(x) is : 1.0   at x =  -2.5999999999999996
 #             q                 psi(q)
          0.0008903241        2.0470398116
          0.0046873146        2.0480129364
          0.0115033829        2.0480150772
          0.0213154895        2.0441028473
          0.0340908735        2.0322111640
          0.0497908600        2.0075178010
          0.0683741946        1.9650991570
          0.0898007680        1.9008754896
          0.1140356841        1.8126759994
          0.1410535753        1.7010791872
          0.1708430913        1.5696437424
          0.2034115207        1.4243431443
          0.2387895516        1.2723765772
          0.2770362229        1.1208090586
          0.3182441709        0.9755043980
          0.3625453321        0.8405902796
          0.4101173192        0.7184276995
          0.4611907577        0.6099027236
          0.5160579467        0.5148415641
          0.5750833095        0.4324101958
          0.6387162255        0.3614323603
          0.7075070081        0.3006119120
          0.7821270256        0.2486721185
          0.8633942859        0.2044330521
          0.9523062594        0.1668472406
          1.0500823554        0.1350092673
          1.1582193864        0.1081501270
          1.2785646926        0.0856230680
          1.4134135614        0.0668846788
          1.5656405148        0.0514730573
          1.7388784956        0.0389840063
          1.9377668853        0.0290464815
          2.1683001735        0.0213002061
          2.4383266765        0.0153812837
          2.7582757561        0.0109239585
          3.1422413712        0.0075838069
          3.6096362762        0.0050749168
          4.1877879212        0.0031968854
          4.9161423931        0.0018292129
          5.8533241967        0.0008989937
          7.0895048046        0.0003448612
          8.7691849102        0.0000865475
         11.1357622291        0.0000101077
         14.6254008022        0.0000002968
         20.0840073662        0.0000000011
         29.3333639346        0.0000000000
         46.9142405700        0.0000000000
         86.9309500134        0.0000000000
        213.3417725702        0.0000000000
       1123.1864616060        0.0000000000
  f( -2.2 ) =  1.0 2
  the root of f(x) is : 1.0   at x =  -2.2
 #             q                 psi(q)
          0.0008903241       -2.0776250271
          0.0046873146       -2.0785609799
          0.0115033829       -2.0783684851
          0.0213154895       -2.0738915131
          0.0340908735       -2.0607814744
          0.0497908600       -2.0339085659
          0.0683741946       -1.9880987533
          0.0898007680       -1.9191845201
          0.1140356841       -1.8251619171
          0.1410535753       -1.7070536705
          0.1708430913       -1.5690569160
          0.2034115207       -1.4178099750
          0.2387895516       -1.2610274874
          0.2770362229       -1.1060367515
          0.3182441709       -0.9587082645
          0.3625453321       -0.8229918717
          0.4101173192       -0.7009799050
          0.4611907577       -0.5932765685
          0.5160579467       -0.4994599236
          0.5750833095       -0.4185006437
          0.6387162255       -0.3490810388
          0.7075070081       -0.2898095135
          0.7821270256       -0.2393492658
          0.8633942859       -0.1964856282
          0.9523062594       -0.1601535074
          1.0500823554       -0.1294408340
          1.1582193864       -0.1035785790
          1.2785646926       -0.0819236974
          1.4134135614       -0.0639384087
          1.5656405148       -0.0491673824
          1.7388784956       -0.0372135842
          1.9377668853       -0.0277138596
          2.1683001735       -0.0203169998
          2.4383266765       -0.0146698394
          2.7582757561       -0.0104190906
          3.1422413712       -0.0072337164
          3.6096362762       -0.0048403247
          4.1877879212       -0.0030482451
          4.9161423931       -0.0017432146
          5.8533241967       -0.0008559869
          7.0895048046       -0.0003279183
          8.7691849102       -0.0000821082
         11.1357622291       -0.0000095469
         14.6254008022       -0.0000002774
         20.0840073662       -0.0000000010
         29.3333639346       -0.0000000000
         46.9142405700       -0.0000000000
         86.9309500134       -0.0000000000
        213.3417725702        0.0000000000
       1123.1864616060        0.0000000000
  f( -1.8000000000000004 ) =  1.0 2
  the root of f(x) is : 1.0   at x =  -1.8000000000000004
 #             q                 psi(q)
          0.0008903241       -2.1105272846
          0.0046873146       -2.1114205344
          0.0115033829       -2.1110054116
          0.0213154895       -2.1058835648
          0.0340908735       -2.0913847815
          0.0497908600       -2.0620344841
          0.0683741946       -2.0123873363
          0.0898007680       -1.9382010055
          0.1140356841       -1.8376948275
          0.1410535753       -1.7124266765
          0.1708430913       -1.5673288265
          0.2034115207       -1.4097725713
          0.2387895516       -1.2480076097
          0.2770362229       -1.0895981723
          0.3182441709       -0.9403709199
          0.3625453321       -0.8040437751
          0.4101173192       -0.6823966068
          0.4611907577       -0.5757228187
          0.5160579467       -0.4833367571
          0.5750833095       -0.4040077775
          0.6387162255       -0.3362764908
          0.7075070081       -0.2786584885
          0.7821270256       -0.2297606376
          0.8633942859       -0.1883373736
          0.9523062594       -0.1533094598
          1.0500823554       -0.1237611155
          1.1582193864       -0.0989256834
          1.2785646926       -0.0781657344
          1.4134135614       -0.0609506264
          1.5656405148       -0.0468327952
          1.7388784956       -0.0354233313
          1.9377668853       -0.0263677671
          2.1683001735       -0.0193246437
          2.4383266765       -0.0139521194
          2.7582757561       -0.0099098740
          3.1422413712       -0.0068806353
          3.6096362762       -0.0046037626
          4.1877879212       -0.0028984161
          4.9161423931       -0.0016565937
          5.8533241967       -0.0008127205
          7.0895048046       -0.0003109046
          8.7691849102       -0.0000776638
         11.1357622291       -0.0000089886
         14.6254008022       -0.0000002583
         20.0840073662       -0.0000000009
         29.3333639346       -0.0000000000
         46.9142405700       -0.0000000000
         86.9309500134       -0.0000000000
        213.3417725702        0.0000000000
       1123.1864616060        0.0000000000
  f( -1.4000000000000003 ) =  1.0 2
  the root of f(x) is : 1.0   at x =  -1.4000000000000003
 #             q                 psi(q)
          0.0008903241       -2.1460845815
          0.0046873146       -2.1469283970
          0.0115033829       -2.1462565656
          0.0213154895       -2.1403923481
          0.0340908735       -2.1242979234
          0.0497908600       -2.0921100068
          0.0683741946       -2.0380895506
          0.0898007680       -1.9579398723
          0.1140356841       -1.8501770645
          0.1410535753       -1.7170064187
          0.1708430913       -1.5642086787
          0.2034115207       -1.3999612572
          0.2387895516       -1.2330617181
          0.2770362229       -1.0712728082
          0.3182441709       -0.9203139556
          0.3625453321       -0.7836081263
          0.4101173192       -0.6625744398
          0.4611907577       -0.5571653469
          0.5160579467       -0.4664164777
          0.5750833095       -0.3888910957
          0.6387162255       -0.3229891521
          0.7075070081       -0.2671371763
          0.7821270256       -0.2198903011
          0.8633942859       -0.1799765360
          0.9523062594       -0.1463064211
          1.0500823554       -0.1179637160
          1.1582193864       -0.0941867450
          1.2785646926       -0.0743457530
          1.4134135614       -0.0579188498
          1.5656405148       -0.0444675088
          1.7388784956       -0.0336119651
          1.9377668853       -0.0250072813
          2.1683001735       -0.0183224692
          2.4383266765       -0.0132276358
          2.7582757561       -0.0093959538
          3.1422413712       -0.0065243119
          3.6096362762       -0.0043650617
          4.1877879212       -0.0027472947
          4.9161423931       -0.0015692940
          5.8533241967       -0.0007691693
          7.0895048046       -0.0002938120
          8.7691849102       -0.0000732130
         11.1357622291       -0.0000084328
         14.6254008022       -0.0000002395
         20.0840073662       -0.0000000008
         29.3333639346       -0.0000000000
         46.9142405700       -0.0000000000
         86.9309500134       -0.0000000000
        213.3417725702        0.0000000000
       1123.1864616060        0.0000000000
  f( -1.0000000000000002 ) =  1.0 2
  the root of f(x) is : 1.0   at x =  -1.0000000000000002
 #             q                 psi(q)
          0.0008903241       -2.1847112457
          0.0046873146       -2.1854973313
          0.0115033829       -2.1845267662
          0.0213154895       -2.1778000477
          0.0340908735       -2.1598556251
          0.0497908600       -2.1243892081
          0.0683741946       -2.0653444858
          0.0898007680       -1.9784018745
          0.1140356841       -1.8624707290
          0.1410535753       -1.7205433321
          0.1708430913       -1.5593817418
          0.2034115207       -1.3880463026
          0.2387895516       -1.2158843915
          0.2770362229       -1.0508015379
          0.3182441709       -0.8983308612
          0.3625453321       -0.7615272362
          0.4101173192       -0.6413962136
          0.4611907577       -0.5375183541
          0.5160579467       -0.4486366490
          0.5750833095       -0.3731051647
          0.6387162255       -0.3091858468
          0.7075070081       -0.2552212326
          0.7821270256       -0.2097203092
          0.8633942859       -0.1713898409
          0.9523062594       -0.1391345627
          1.0500823554       -0.1120413691
          1.1582193864       -0.0893564132
          1.2785646926       -0.0704598374
          1.4134135614       -0.0548402336
          1.5656405148       -0.0420694686
          1.7388784956       -0.0317780069
          1.9377668853       -0.0236313361
          2.1683001735       -0.0173097022
          2.4383266765       -0.0124958229
          2.7582757561       -0.0088769183
          3.1422413712       -0.0061644546
          3.6096362762       -0.0041240265
          4.1877879212       -0.0025947605
          4.9161423931       -0.0014812501
          5.8533241967       -0.0007253041
          7.0895048046       -0.0002766309
          8.7691849102       -0.0000687540
         11.1357622291       -0.0000078793
         14.6254008022       -0.0000002211
         20.0840073662       -0.0000000008
         29.3333639346       -0.0000000000
         46.9142405700       -0.0000000000
         86.9309500134       -0.0000000000
        213.3417725702       -0.0000000000
       1123.1864616060        0.0000000000
  f( -0.6000000000000005 ) =  1.0 2
  the root of f(x) is : 1.0   at x =  -0.6000000000000005
 #             q                 psi(q)
          0.0008903241       -2.2269221926
          0.0046873146       -2.2276401760
          0.0115033829       -2.2263182987
          0.0213154895       -2.2185789135
          0.0340908735       -2.1984673576
          0.0497908600       -2.1591755495
          0.0683741946       -2.0943061186
          0.0898007680       -1.9995642720
          0.1140356841       -1.8743806849
          0.1410535753       -1.7227093794
          0.1708430913       -1.5524491469
          0.2034115207       -1.3736210046
          0.2387895516       -1.1961073100
          0.2770362229       -1.0278777496
          0.3182441709       -0.8741810358
          0.3625453321       -0.7376195800
          0.4101173192       -0.6187281872
          0.4611907577       -0.5166844696
          0.5160579467       -0.4299266204
          0.5750833095       -0.3565986132
          0.6387162255       -0.2948290316
          0.7075070081       -0.2428830549
          0.7821270256       -0.1992302591
          0.8633942859       -0.1625621531
          0.9523062594       -0.1317826434
          1.0500823554       -0.1059857382
          1.1582193864       -0.0844285308
          1.2785646926       -0.0665034682
          1.4134135614       -0.0517114838
          1.5656405148       -0.0396362894
          1.7388784956       -0.0299197351
          1.9377668853       -0.0222386867
          2.1683001735       -0.0162854375
          2.4383266765       -0.0117560187
          2.7582757561       -0.0083522860
          3.1422413712       -0.0058007225
          3.6096362762       -0.0038804285
          4.1877879212       -0.0024406731
          4.9161423931       -0.0013923857
          5.8533241967       -0.0006810904
          7.0895048046       -0.0002593499
          8.7691849102       -0.0000642847
         11.1357622291       -0.0000073282
         14.6254008022       -0.0000002030
         20.0840073662       -0.0000000007
         29.3333639346       -0.0000000000
         46.9142405700       -0.0000000000
         86.9309500134       -0.0000000000
        213.3417725702        0.0000000000
       1123.1864616060        0.0000000000
  f( -0.20000000000000017 ) =  1.0 2
  the root of f(x) is : 1.0   at x =  -0.20000000000000017
 #             q                 psi(q)
          0.0008903241       -2.2733674840
          0.0046873146       -2.2740041787
          0.0115033829       -2.2722641004
          0.0213154895       -2.2633212061
          0.0340908735       -2.2406406714
          0.0497908600       -2.1968345805
          0.0683741946       -2.1251422765
          0.0898007680       -2.0213658238
          0.1140356841       -1.8856291345
          0.1410535753       -1.7230683140
          0.1708430913       -1.5428997780
          0.2034115207       -1.3561787957
          0.2387895516       -1.1732824604
          0.2770362229       -1.0021357934
          0.3182441709       -0.8475820793
          0.3625453321       -0.7116746507
          0.4101173192       -0.5944165637
          0.4611907577       -0.4945522916
          0.5160579467       -0.4102057500
          0.5750833095       -0.3393128157
          0.6387162255       -0.2798758023
          0.7075070081       -0.2300910235
          0.7821270256       -0.1883967093
          0.8633942859       -0.1534760266
          0.9523062594       -0.1242376633
          1.0500823554       -0.0997871516
          1.1582193864       -0.0793959325
          1.2785646926       -0.0624713697
          1.4134135614       -0.0485287441
          1.5656405148       -0.0371651701
          1.7388784956       -0.0280351224
          1.9377668853       -0.0208278642
          2.1683001735       -0.0152486045
          2.4383266765       -0.0110074396
          2.7582757561       -0.0078214869
          3.1422413712       -0.0054327120
          3.6096362762       -0.0036339974
          4.1877879212       -0.0022848663
          4.9161423931       -0.0013026106
          5.8533241967       -0.0006364876
          7.0895048046       -0.0002419557
          8.7691849102       -0.0000598026
         11.1357622291       -0.0000067792
         14.6254008022       -0.0000001852
         20.0840073662       -0.0000000006
         29.3333639346       -0.0000000000
         46.9142405700       -0.0000000000
         86.9309500134       -0.0000000000
        213.3417725702        0.0000000000
       1123.1864616060        0.0000000000
  f( 0.20000000000000017 ) =  1.0 2
  the root of f(x) is : 1.0   at x =  0.20000000000000017
 #             q                 psi(q)
          0.0008903241       -2.3248828597
          0.0046873146       -2.3254211741
          0.0115033829       -2.3231761333
          0.0213154895       -2.3127824882
          0.0340908735       -2.2870141758
          0.0497908600       -2.2378105160
          0.0683741946       -2.1580304489
          0.0898007680       -2.0436821942
          0.1140356841       -1.8958167667
          0.1410535753       -1.7210320822
          0.1708430913       -1.5300704469
          0.2034115207       -1.3350817561
          0.2387895516       -1.1468595797
          0.2770362229       -0.9731357302
          0.3182441709       -0.8181996964
          0.3625453321       -0.6834462275
          0.4101173192       -0.5682828874
          0.4611907577       -0.4709931392
          0.5160579467       -0.3893810425
          0.5750833095       -0.3211801324
          0.6387162255       -0.2642765599
          0.7075070081       -0.2168084793
          0.7821270256       -0.1771923913
          0.8633942859       -0.1441110970
          0.9523062594       -0.1164843956
          1.0500823554       -0.0934342433
          1.1582193864       -0.0742501706
          1.2785646926       -0.0583573029
          1.4134135614       -0.0452874402
          1.5656405148       -0.0346527787
          1.7388784956       -0.0261217505
          1.9377668853       -0.0193971117
          2.1683001735       -0.0141979213
          2.4383266765       -0.0102491465
          2.7582757561       -0.0072838380
          3.1422413712       -0.0050599401
          3.6096362762       -0.0033844097
          4.1877879212       -0.0021271409
          4.9161423931       -0.0012118164
          5.8533241967       -0.0005914469
          7.0895048046       -0.0002244320
          8.7691849102       -0.0000553046
         11.1357622291       -0.0000062324
         14.6254008022       -0.0000001677
         20.0840073662       -0.0000000005
         29.3333639346       -0.0000000000
         46.9142405700       -0.0000000000
         86.9309500134       -0.0000000000
        213.3417725702        0.0000000000
       1123.1864616060        0.0000000000
  f( 0.6000000000000005 ) =  1.0 2
  the root of f(x) is : 1.0   at x =  0.6000000000000005
 #             q                 psi(q)
          0.0008903241       -2.3825658888
          0.0046873146       -2.3829831584
          0.0115033829       -2.3801180178
          0.0213154895       -2.3679459969
          0.0340908735       -2.3384052569
          0.0497908600       -2.2826478169
          0.0683741946       -2.1931470412
          0.0898007680       -2.0662847164
          0.1140356841       -1.9043618769
          0.1410535753       -1.7157954213
          0.1708430913       -1.5130883051
          0.2034115207       -1.3095164871
          0.2387895516       -1.1161553094
          0.2770362229       -0.9403428044
          0.3182441709       -0.7856342056
          0.3625453321       -0.6526433757
          0.4101173192       -0.5401178586
          0.4611907577       -0.4458566553
          0.5160579467       -0.3673439287
          0.5750833095       -0.3021214961
          0.6387162255       -0.2479731733
          0.7075070081       -0.2029923111
          0.7821270256       -0.1655851186
          0.8633942859       -0.1344432371
          0.9523062594       -0.1085047354
          1.0500823554       -0.0869134527
          1.1582193864       -0.0689811338
          1.2785646926       -0.0541537774
          1.4134135614       -0.0419820635
          1.5656405148       -0.0320950907
          1.7388784956       -0.0241766903
          1.9377668853       -0.0179442968
          2.1683001735       -0.0131318287
          2.4383266765       -0.0094799968
          2.7582757561       -0.0067385083
          3.1422413712       -0.0046818194
          3.6096362762       -0.0031312723
          4.1877879212       -0.0019672551
          4.9161423931       -0.0011198715
          5.8533241967       -0.0005459086
          7.0895048046       -0.0002067590
          8.7691849102       -0.0000507871
         11.1357622291       -0.0000056874
         14.6254008022       -0.0000001506
         20.0840073662       -0.0000000005
         29.3333639346       -0.0000000000
         46.9142405700       -0.0000000000
         86.9309500134       -0.0000000000
        213.3417725702       -0.0000000000
       1123.1864616060        0.0000000000
  f( 1.0000000000000008 ) =  1.0 2
  the root of f(x) is : 1.0   at x =  1.0000000000000008
 #             q                 psi(q)
          0.0008903241       -2.4478948744
          0.0046873146       -2.4481602138
          0.0115033829       -2.4445179558
          0.0213154895       -2.4301215628
          0.0340908735       -2.3958809882
          0.0497908600       -2.3320188189
          0.0683741946       -2.2306429575
          0.0898007680       -2.0887692558
          0.1140356841       -1.9104021458
          0.1410535753       -1.7062351338
          0.1708430913       -1.4907855909
          0.2034115207       -1.2784309142
          0.2387895516       -1.0803101004
          0.2770362229       -0.9030991897
          0.3182441709       -0.7494020620
          0.3625453321       -0.6189180886
          0.4101173192       -0.5096727800
          0.4611907577       -0.4189646790
          0.5160579467       -0.3439657465
          0.5750833095       -0.2820430066
          0.6387162255       -0.2308963754
          0.7075070081       -0.1885909480
          0.7821270256       -0.1535362322
          0.8633942859       -0.1244433531
          0.9523062594       -0.1002767689
          1.0500823554       -0.0802083089
          1.1582193864       -0.0635765006
          1.2785646926       -0.0498516365
          1.4134135614       -0.0386058598
          1.5656405148       -0.0294871573
          1.7388784956       -0.0221963304
          1.9377668853       -0.0164667837
          2.1683001735       -0.0120483971
          2.4383266765       -0.0086985753
          2.7582757561       -0.0061844691
          3.1422413712       -0.0042976230
          3.6096362762       -0.0028740990
          4.1877879212       -0.0018049097
          4.9161423931       -0.0010266127
          5.8533241967       -0.0004997989
          7.0895048046       -0.0001889119
          8.7691849102       -0.0000462451
         11.1357622291       -0.0000051440
         14.6254008022       -0.0000001339
         20.0840073662       -0.0000000004
         29.3333639346       -0.0000000000
         46.9142405700       -0.0000000000
         86.9309500134       -0.0000000000
        213.3417725702        0.0000000000
       1123.1864616060        0.0000000000
  f( 1.4000000000000012 ) =  1.0 2
  the root of f(x) is : 1.0   at x =  1.4000000000000012
 #             q                 psi(q)
          0.0008903241       -2.5229225472
          0.0046873146       -2.5229924486
          0.0115033829       -2.5183517243
          0.0213154895       -2.5011036492
          0.0340908735       -2.4608667234
          0.0497908600       -2.3867573514
          0.0683741946       -2.2705900706
          0.0898007680       -2.1104291195
          0.1140356841       -1.9126306588
          0.1410535753       -1.6907501486
          0.1708430913       -1.4615699233
          0.2034115207       -1.2404414348
          0.2387895516       -1.0382264415
          0.2770362229       -0.8605840163
          0.3182441709       -0.7089097802
          0.3625453321       -0.5818477586
          0.4101173192       -0.4766473244
          0.4611907577       -0.3901024045
          0.5160579467       -0.3190911723
          0.5750833095       -0.2608309539
          0.6387162255       -0.2129619434
          0.7075070081       -0.1735414052
          0.7821270256       -0.1409983076
          0.8633942859       -0.1140756055
          0.9523062594       -0.0917733969
          1.0500823554       -0.0732983713
          1.1582193864       -0.0580209291
          1.2785646926       -0.0454394432
          1.4134135614       -0.0351503675
          1.5656405148       -0.0268227604
          1.7388784956       -0.0201761209
          1.9377668853       -0.0149612447
          2.1683001735       -0.0109451864
          2.4383266765       -0.0079030914
          2.7582757561       -0.0056204192
          3.1422413712       -0.0039064324
          3.6096362762       -0.0026122753
          4.1877879212       -0.0016397265
          4.9161423931       -0.0009318336
          5.8533241967       -0.0004530239
          7.0895048046       -0.0001708592
          8.7691849102       -0.0000416726
         11.1357622291       -0.0000046018
         14.6254008022       -0.0000001176
         20.0840073662       -0.0000000003
         29.3333639346       -0.0000000000
         46.9142405700       -0.0000000000
         86.9309500134       -0.0000000000
        213.3417725702       -0.0000000000
       1123.1864616060        0.0000000000
  f( 1.8000000000000015 ) =  1.0 2
  the root of f(x) is : 1.0   at x =  1.8000000000000015
 #             q                 psi(q)
          0.0008903241       -2.6106082670
          0.0046873146       -2.6104188583
          0.0115033829       -2.6044545136
          0.0213154895       -2.5834359291
          0.0340908735       -2.5353181181
          0.0497908600       -2.4478936385
          0.0683741946       -2.3128633261
          0.0898007680       -2.1300179658
          0.1140356841       -1.9090107736
          0.1410535753       -1.6669982316
          0.1708430913       -1.4232204669
          0.2034115207       -1.1936922261
          0.2387895516       -0.9884774696
          0.2770362229       -0.8117548484
          0.3182441709       -0.6634157250
          0.3625453321       -0.5409092954
          0.4101173192       -0.4406712916
          0.4611907577       -0.3590050774
          0.5160579467       -0.2925282653
          0.5750833095       -0.2383442335
          0.6387162255       -0.1940648548
          0.7075070081       -0.1577647512
          0.7821270256       -0.1279116313
          0.8633942859       -0.1032946695
          0.9523062594       -0.0829602122
          1.0500823554       -0.0661575931
          1.1582193864       -0.0522948042
          1.2785646926       -0.0409025288
          1.4134135614       -0.0316047008
          1.5656405148       -0.0240938776
          1.7388784956       -0.0181101759
          1.9377668853       -0.0134233655
          2.1683001735       -0.0098190287
          2.4383266765       -0.0070912198
          2.7582757561       -0.0050446691
          3.1422413712       -0.0035070557
          3.6096362762       -0.0023450047
          4.1877879212       -0.0014712151
          4.9161423931       -0.0008352664
          5.8533241967       -0.0004054616
          7.0895048046       -0.0001525597
          8.7691849102       -0.0000370614
         11.1357622291       -0.0000040604
         14.6254008022       -0.0000001016
         20.0840073662       -0.0000000003
         29.3333639346       -0.0000000000
         46.9142405700       -0.0000000000
         86.9309500134       -0.0000000000
        213.3417725702        0.0000000000
       1123.1864616060        0.0000000000
  f( 2.200000000000002 ) =  1.0 2
  the root of f(x) is : 1.0   at x =  2.200000000000002
 #             q                 psi(q)
          0.0008903241       -2.7154254861
          0.0046873146       -2.7148779206
          0.0115033829       -2.7070865395
          0.0213154895       -2.6808803518
          0.0340908735       -2.6220038886
          0.0497908600       -2.5166690502
          0.0683741946       -2.3568725422
          0.0898007680       -2.1452830528
          0.1140356841       -1.8962553382
          0.1410535753       -1.6314433694
          0.1708430913       -1.3725547595
          0.2034115207       -1.1356337539
          0.2387895516       -0.9291662171
          0.2770362229       -0.7552581420
          0.3182441709       -0.6119713673
          0.3625453321       -0.4954389193
          0.4101173192       -0.4012759526
          0.4611907577       -0.3253368967
          0.5160579467       -0.2640325671
          0.5750833095       -0.2144021733
          0.6387162255       -0.1740698733
          0.7075070081       -0.1411587888
          0.7821270256       -0.1141984971
          0.8633942859       -0.0920412963
          0.9523062594       -0.0737920552
          1.0500823554       -0.0587516625
          1.1582193864       -0.0463722000
          1.2785646926       -0.0362214441
          1.4134135614       -0.0279543829
          1.5656405148       -0.0212898090
          1.7388784956       -0.0159906246
          1.9377668853       -0.0118473644
          2.1683001735       -0.0086656733
          2.4383266765       -0.0062598390
          2.7582757561       -0.0044549522
          3.1422413712       -0.0030978951
          3.6096362762       -0.0020712196
          4.1877879212       -0.0012987180
          4.9161423931       -0.0007365516
          5.8533241967       -0.0003569479
          7.0895048046       -0.0001339576
          8.7691849102       -0.0000324004
         11.1357622291       -0.0000035190
         14.6254008022       -0.0000000861
         20.0840073662       -0.0000000002
         29.3333639346       -0.0000000000
         46.9142405700       -0.0000000000
         86.9309500134       -0.0000000000
        213.3417725702       -0.0000000000
       1123.1864616060        0.0000000000
  f( 2.6000000000000023 ) =  1.0 2
  the root of f(x) is : 1.0   at x =  2.6000000000000023
 #             q                 psi(q)
          0.0008903241        2.8445676890
          0.0046873146        2.8434979229
          0.0115033829        2.8330439906
          0.0213154895        2.7993107468
          0.0340908735        2.7249880198
          0.0497908600        2.5944489279
          0.0683741946        2.4009158183
          0.0898007680        2.1519815997
          0.1140356841        1.8688159224
          0.1410535753        1.5785349694
          0.1708430913        1.3048566465
          0.2034115207        1.0626564666
          0.2387895516        0.8576970301
          0.2770362229        0.6892840074
          0.3182441709        0.5533251001
          0.3625453321        0.4445654631
          0.4101173192        0.3578459308
          0.4611907577        0.2886552533
          0.5160579467        0.2332799666
          0.5750833095        0.1887636577
          0.6387162255        0.1527953519
          0.7075070081        0.1235854294
          0.7821270256        0.0997533514
          0.8633942859        0.0802346284
          0.9523062594        0.0642070432
          1.0500823554        0.0510333894
          1.1582193864        0.0402173401
          1.2785646926        0.0313692648
          1.4134135614        0.0241793120
          1.5656405148        0.0183956546
          1.7388784956        0.0138064782
          1.9377668853        0.0102251531
          2.1683001735        0.0074791660
          2.4383266765        0.0054045755
          2.7582757561        0.0038480946
          3.1422413712        0.0026767150
          3.6096362762        0.0017894270
          4.1877879212        0.0011213155
          4.9161423931        0.0006351854
          5.8533241967        0.0003072525
          7.0895048046        0.0001149743
          8.7691849102        0.0000276738
         11.1357622291        0.0000029766
         14.6254008022        0.0000000709
         20.0840073662        0.0000000002
         29.3333639346        0.0000000000
         46.9142405700        0.0000000000
         86.9309500134        0.0000000000
        213.3417725702        0.0000000000
       1123.1864616060        0.0000000000
  f( 3.0000000000000017 ) =  1.0 2
  the root of f(x) is : 1.0   at x =  3.0000000000000017
